  \ o  0,  1,  2,  3,  4,  5,  6,  7,  8,  9,  a,  b,  c,  d,  e,  f
 i \

 0:    8,  0,  0,  0,  0,  0,  0,  0,  0,  0,  0,  0,  0,  0,  0,  0

 1:    0, -2, -2,  0, -2,  0,  0, -2,  2, -4,  4,  2,  0, -2, -2,  0

 2:    0, -2,  0, -2,  2,  0, -2,  4, -4, -2,  0,  2, -2,  0, -2,  0

 3:    0,  4, -2, -2,  0,  0, -2,  2,  2, -2,  0,  0,  2,  2,  0,  4

 4:    0,  2, -2,  4, -2, -4,  0,  2, -2,  0,  0, -2,  0, -2, -2,  0

 5:    0,  0,  0,  0,  0,  0,  0,  0,  0,  4,  0,  4,  4,  0, -4,  0

 6:    0,  0, -2,  2,  4,  0,  2,  2,  2, -2,  0,  0,  2,  2,  0, -4

 7:    0, -2,  0, -2, -2, -4,  2,  0,  0, -2, -4,  2,  2,  0,  2,  0

 8:    0,  2, -2,  0, -2,  0,  0,  2,  0,  2,  2,  4, -2,  0,  4, -2

 9:    0,  4,  0,  0,  0,  0,  0, -4, -2, -2, -2,  2, -2,  2, -2, -2

 a:    0,  0, -2, -2,  0,  0, -2, -2, -4,  0,  2, -2,  4,  0,  2, -2

 b:    0,  2,  0, -2,  2,  0,  6,  0, -2,  0,  2,  0,  0, -2,  0,  2

 c:    0,  0,  0, -4,  0, -4,  0,  0,  2,  2,  2, -2, -2,  2, -2, -2

 d:    0,  2,  6,  0, -2,  0,  0,  2,  0, -2,  2,  0,  2,  0,  0, -2

 e:    0, -2,  0,  2, -2,  0,  2,  0, -2,  0,  2,  0,  0,  6,  0,  2

 f:    0,  0, -2, -2, -4,  4,  2,  2,  0,  0, -2, -2,  0,  0, -2, -2

